2203537
2964166
2966415
3007353
3100267
3100796
3202396
3208636
3300208
3300794
3300845
3302122
3302184
3302297
3302418
3302425
3407033
3407083
3407114
3407195
3407266
3407463
3407729
3407752
3407786
3407924
3407995
3408296
3408675
3408740
3409071
3410516
3410990
3415245
3415756
3477957
3506467
3520014
3520042
3520096
3520180
3520188
3520210
3520295
3520394
3520421
3520475
3520526
3520540
3520550
3520670
3520765
3520893
3520896
3520909
3520922
3520970
3521197
3521322
3521415
3521563
3522024
3522116
3522380
3523153
3524869
3525121
3529931
3532689
3535131
3603293
3670009
3670031
3670118
3670262
3670293
3670340
3670471
3670494
3670503
3670536
3670590
3670610
3670711
3671039
3671158
3671236
3671538
3671539
3671550
3671625
3672278
3673407
3673462
3674205
3674474
3678327
3681378
3701209
3702697
3703001
3703155
3703402
3703527
3703685
3704704
3772219
3772302
3772323
3774304
3776858
